{
 "cells": [
  {
   "cell_type": "code",
   "execution_count": 1,
   "id": "ec2bda25-80ef-4704-b859-920ff419c90f",
   "metadata": {},
   "outputs": [],
   "source": [
    "import pandas as pd\n",
    "import seaborn as sns\n",
    "import numpy as np\n",
    "import matplotlib.pyplot as plt\n",
    "from sklearn.model_selection import train_test_split\n",
    "from sklearn.preprocessing import StandardScaler\n",
    "from sklearn.neighbors import KNeighborsClassifier\n",
    "from sklearn.metrics import accuracy_score, precision_score, recall_score, f1_score, classification_report\n",
    "from sklearn.decomposition import PCA\n",
    "from sklearn.model_selection import GridSearchCV"
   ]
  },
  {
   "cell_type": "code",
   "execution_count": 2,
   "id": "b7e6235f-513f-4bad-acf6-6aa1a8ecff98",
   "metadata": {},
   "outputs": [],
   "source": [
    "#Loading the dataset\n",
    "data = pd.read_csv(\"C:\\\\Users\\\\bhimr\\\\OneDrive\\\\Documents\\\\KNN\\\\Zoo.csv\")"
   ]
  },
  {
   "cell_type": "code",
   "execution_count": 3,
   "id": "518636b5-dc9b-4433-b6ef-dde4e8995cf7",
   "metadata": {},
   "outputs": [
    {
     "data": {
      "text/html": [
       "<div>\n",
       "<style scoped>\n",
       "    .dataframe tbody tr th:only-of-type {\n",
       "        vertical-align: middle;\n",
       "    }\n",
       "\n",
       "    .dataframe tbody tr th {\n",
       "        vertical-align: top;\n",
       "    }\n",
       "\n",
       "    .dataframe thead th {\n",
       "        text-align: right;\n",
       "    }\n",
       "</style>\n",
       "<table border=\"1\" class=\"dataframe\">\n",
       "  <thead>\n",
       "    <tr style=\"text-align: right;\">\n",
       "      <th></th>\n",
       "      <th>animal name</th>\n",
       "      <th>hair</th>\n",
       "      <th>feathers</th>\n",
       "      <th>eggs</th>\n",
       "      <th>milk</th>\n",
       "      <th>airborne</th>\n",
       "      <th>aquatic</th>\n",
       "      <th>predator</th>\n",
       "      <th>toothed</th>\n",
       "      <th>backbone</th>\n",
       "      <th>breathes</th>\n",
       "      <th>venomous</th>\n",
       "      <th>fins</th>\n",
       "      <th>legs</th>\n",
       "      <th>tail</th>\n",
       "      <th>domestic</th>\n",
       "      <th>catsize</th>\n",
       "      <th>type</th>\n",
       "    </tr>\n",
       "  </thead>\n",
       "  <tbody>\n",
       "    <tr>\n",
       "      <th>0</th>\n",
       "      <td>aardvark</td>\n",
       "      <td>1</td>\n",
       "      <td>0</td>\n",
       "      <td>0</td>\n",
       "      <td>1</td>\n",
       "      <td>0</td>\n",
       "      <td>0</td>\n",
       "      <td>1</td>\n",
       "      <td>1</td>\n",
       "      <td>1</td>\n",
       "      <td>1</td>\n",
       "      <td>0</td>\n",
       "      <td>0</td>\n",
       "      <td>4</td>\n",
       "      <td>0</td>\n",
       "      <td>0</td>\n",
       "      <td>1</td>\n",
       "      <td>1</td>\n",
       "    </tr>\n",
       "    <tr>\n",
       "      <th>1</th>\n",
       "      <td>antelope</td>\n",
       "      <td>1</td>\n",
       "      <td>0</td>\n",
       "      <td>0</td>\n",
       "      <td>1</td>\n",
       "      <td>0</td>\n",
       "      <td>0</td>\n",
       "      <td>0</td>\n",
       "      <td>1</td>\n",
       "      <td>1</td>\n",
       "      <td>1</td>\n",
       "      <td>0</td>\n",
       "      <td>0</td>\n",
       "      <td>4</td>\n",
       "      <td>1</td>\n",
       "      <td>0</td>\n",
       "      <td>1</td>\n",
       "      <td>1</td>\n",
       "    </tr>\n",
       "    <tr>\n",
       "      <th>2</th>\n",
       "      <td>bass</td>\n",
       "      <td>0</td>\n",
       "      <td>0</td>\n",
       "      <td>1</td>\n",
       "      <td>0</td>\n",
       "      <td>0</td>\n",
       "      <td>1</td>\n",
       "      <td>1</td>\n",
       "      <td>1</td>\n",
       "      <td>1</td>\n",
       "      <td>0</td>\n",
       "      <td>0</td>\n",
       "      <td>1</td>\n",
       "      <td>0</td>\n",
       "      <td>1</td>\n",
       "      <td>0</td>\n",
       "      <td>0</td>\n",
       "      <td>4</td>\n",
       "    </tr>\n",
       "    <tr>\n",
       "      <th>3</th>\n",
       "      <td>bear</td>\n",
       "      <td>1</td>\n",
       "      <td>0</td>\n",
       "      <td>0</td>\n",
       "      <td>1</td>\n",
       "      <td>0</td>\n",
       "      <td>0</td>\n",
       "      <td>1</td>\n",
       "      <td>1</td>\n",
       "      <td>1</td>\n",
       "      <td>1</td>\n",
       "      <td>0</td>\n",
       "      <td>0</td>\n",
       "      <td>4</td>\n",
       "      <td>0</td>\n",
       "      <td>0</td>\n",
       "      <td>1</td>\n",
       "      <td>1</td>\n",
       "    </tr>\n",
       "    <tr>\n",
       "      <th>4</th>\n",
       "      <td>boar</td>\n",
       "      <td>1</td>\n",
       "      <td>0</td>\n",
       "      <td>0</td>\n",
       "      <td>1</td>\n",
       "      <td>0</td>\n",
       "      <td>0</td>\n",
       "      <td>1</td>\n",
       "      <td>1</td>\n",
       "      <td>1</td>\n",
       "      <td>1</td>\n",
       "      <td>0</td>\n",
       "      <td>0</td>\n",
       "      <td>4</td>\n",
       "      <td>1</td>\n",
       "      <td>0</td>\n",
       "      <td>1</td>\n",
       "      <td>1</td>\n",
       "    </tr>\n",
       "  </tbody>\n",
       "</table>\n",
       "</div>"
      ],
      "text/plain": [
       "  animal name  hair  feathers  eggs  milk  airborne  aquatic  predator  \\\n",
       "0    aardvark     1         0     0     1         0        0         1   \n",
       "1    antelope     1         0     0     1         0        0         0   \n",
       "2        bass     0         0     1     0         0        1         1   \n",
       "3        bear     1         0     0     1         0        0         1   \n",
       "4        boar     1         0     0     1         0        0         1   \n",
       "\n",
       "   toothed  backbone  breathes  venomous  fins  legs  tail  domestic  catsize  \\\n",
       "0        1         1         1         0     0     4     0         0        1   \n",
       "1        1         1         1         0     0     4     1         0        1   \n",
       "2        1         1         0         0     1     0     1         0        0   \n",
       "3        1         1         1         0     0     4     0         0        1   \n",
       "4        1         1         1         0     0     4     1         0        1   \n",
       "\n",
       "   type  \n",
       "0     1  \n",
       "1     1  \n",
       "2     4  \n",
       "3     1  \n",
       "4     1  "
      ]
     },
     "execution_count": 3,
     "metadata": {},
     "output_type": "execute_result"
    }
   ],
   "source": [
    "#EXploratory Data Analysis\n",
    "data.head()"
   ]
  },
  {
   "cell_type": "code",
   "execution_count": 4,
   "id": "2767d7da-028b-4787-a279-e82aed8932ff",
   "metadata": {},
   "outputs": [
    {
     "name": "stdout",
     "output_type": "stream",
     "text": [
      "<class 'pandas.core.frame.DataFrame'>\n",
      "RangeIndex: 101 entries, 0 to 100\n",
      "Data columns (total 18 columns):\n",
      " #   Column       Non-Null Count  Dtype \n",
      "---  ------       --------------  ----- \n",
      " 0   animal name  101 non-null    object\n",
      " 1   hair         101 non-null    int64 \n",
      " 2   feathers     101 non-null    int64 \n",
      " 3   eggs         101 non-null    int64 \n",
      " 4   milk         101 non-null    int64 \n",
      " 5   airborne     101 non-null    int64 \n",
      " 6   aquatic      101 non-null    int64 \n",
      " 7   predator     101 non-null    int64 \n",
      " 8   toothed      101 non-null    int64 \n",
      " 9   backbone     101 non-null    int64 \n",
      " 10  breathes     101 non-null    int64 \n",
      " 11  venomous     101 non-null    int64 \n",
      " 12  fins         101 non-null    int64 \n",
      " 13  legs         101 non-null    int64 \n",
      " 14  tail         101 non-null    int64 \n",
      " 15  domestic     101 non-null    int64 \n",
      " 16  catsize      101 non-null    int64 \n",
      " 17  type         101 non-null    int64 \n",
      "dtypes: int64(17), object(1)\n",
      "memory usage: 14.3+ KB\n"
     ]
    }
   ],
   "source": [
    "data.info()"
   ]
  },
  {
   "cell_type": "code",
   "execution_count": 5,
   "id": "6be942fe-2053-4ee9-b87f-c3227b8ea22e",
   "metadata": {},
   "outputs": [
    {
     "data": {
      "text/plain": [
       "animal name    object\n",
       "hair            int64\n",
       "feathers        int64\n",
       "eggs            int64\n",
       "milk            int64\n",
       "airborne        int64\n",
       "aquatic         int64\n",
       "predator        int64\n",
       "toothed         int64\n",
       "backbone        int64\n",
       "breathes        int64\n",
       "venomous        int64\n",
       "fins            int64\n",
       "legs            int64\n",
       "tail            int64\n",
       "domestic        int64\n",
       "catsize         int64\n",
       "type            int64\n",
       "dtype: object"
      ]
     },
     "execution_count": 5,
     "metadata": {},
     "output_type": "execute_result"
    }
   ],
   "source": [
    "data.dtypes"
   ]
  },
  {
   "cell_type": "code",
   "execution_count": 6,
   "id": "985c7075-d222-4721-980b-0a896a82fe77",
   "metadata": {},
   "outputs": [],
   "source": [
    "data = data.drop(['animal name'],axis = 1)"
   ]
  },
  {
   "cell_type": "code",
   "execution_count": 7,
   "id": "53dd7dc6-fea6-46b7-a50c-9777da76d7e4",
   "metadata": {},
   "outputs": [
    {
     "data": {
      "text/html": [
       "<div>\n",
       "<style scoped>\n",
       "    .dataframe tbody tr th:only-of-type {\n",
       "        vertical-align: middle;\n",
       "    }\n",
       "\n",
       "    .dataframe tbody tr th {\n",
       "        vertical-align: top;\n",
       "    }\n",
       "\n",
       "    .dataframe thead th {\n",
       "        text-align: right;\n",
       "    }\n",
       "</style>\n",
       "<table border=\"1\" class=\"dataframe\">\n",
       "  <thead>\n",
       "    <tr style=\"text-align: right;\">\n",
       "      <th></th>\n",
       "      <th>hair</th>\n",
       "      <th>feathers</th>\n",
       "      <th>eggs</th>\n",
       "      <th>milk</th>\n",
       "      <th>airborne</th>\n",
       "      <th>aquatic</th>\n",
       "      <th>predator</th>\n",
       "      <th>toothed</th>\n",
       "      <th>backbone</th>\n",
       "      <th>breathes</th>\n",
       "      <th>venomous</th>\n",
       "      <th>fins</th>\n",
       "      <th>legs</th>\n",
       "      <th>tail</th>\n",
       "      <th>domestic</th>\n",
       "      <th>catsize</th>\n",
       "      <th>type</th>\n",
       "    </tr>\n",
       "  </thead>\n",
       "  <tbody>\n",
       "    <tr>\n",
       "      <th>0</th>\n",
       "      <td>1</td>\n",
       "      <td>0</td>\n",
       "      <td>0</td>\n",
       "      <td>1</td>\n",
       "      <td>0</td>\n",
       "      <td>0</td>\n",
       "      <td>1</td>\n",
       "      <td>1</td>\n",
       "      <td>1</td>\n",
       "      <td>1</td>\n",
       "      <td>0</td>\n",
       "      <td>0</td>\n",
       "      <td>4</td>\n",
       "      <td>0</td>\n",
       "      <td>0</td>\n",
       "      <td>1</td>\n",
       "      <td>1</td>\n",
       "    </tr>\n",
       "    <tr>\n",
       "      <th>1</th>\n",
       "      <td>1</td>\n",
       "      <td>0</td>\n",
       "      <td>0</td>\n",
       "      <td>1</td>\n",
       "      <td>0</td>\n",
       "      <td>0</td>\n",
       "      <td>0</td>\n",
       "      <td>1</td>\n",
       "      <td>1</td>\n",
       "      <td>1</td>\n",
       "      <td>0</td>\n",
       "      <td>0</td>\n",
       "      <td>4</td>\n",
       "      <td>1</td>\n",
       "      <td>0</td>\n",
       "      <td>1</td>\n",
       "      <td>1</td>\n",
       "    </tr>\n",
       "    <tr>\n",
       "      <th>2</th>\n",
       "      <td>0</td>\n",
       "      <td>0</td>\n",
       "      <td>1</td>\n",
       "      <td>0</td>\n",
       "      <td>0</td>\n",
       "      <td>1</td>\n",
       "      <td>1</td>\n",
       "      <td>1</td>\n",
       "      <td>1</td>\n",
       "      <td>0</td>\n",
       "      <td>0</td>\n",
       "      <td>1</td>\n",
       "      <td>0</td>\n",
       "      <td>1</td>\n",
       "      <td>0</td>\n",
       "      <td>0</td>\n",
       "      <td>4</td>\n",
       "    </tr>\n",
       "    <tr>\n",
       "      <th>3</th>\n",
       "      <td>1</td>\n",
       "      <td>0</td>\n",
       "      <td>0</td>\n",
       "      <td>1</td>\n",
       "      <td>0</td>\n",
       "      <td>0</td>\n",
       "      <td>1</td>\n",
       "      <td>1</td>\n",
       "      <td>1</td>\n",
       "      <td>1</td>\n",
       "      <td>0</td>\n",
       "      <td>0</td>\n",
       "      <td>4</td>\n",
       "      <td>0</td>\n",
       "      <td>0</td>\n",
       "      <td>1</td>\n",
       "      <td>1</td>\n",
       "    </tr>\n",
       "    <tr>\n",
       "      <th>4</th>\n",
       "      <td>1</td>\n",
       "      <td>0</td>\n",
       "      <td>0</td>\n",
       "      <td>1</td>\n",
       "      <td>0</td>\n",
       "      <td>0</td>\n",
       "      <td>1</td>\n",
       "      <td>1</td>\n",
       "      <td>1</td>\n",
       "      <td>1</td>\n",
       "      <td>0</td>\n",
       "      <td>0</td>\n",
       "      <td>4</td>\n",
       "      <td>1</td>\n",
       "      <td>0</td>\n",
       "      <td>1</td>\n",
       "      <td>1</td>\n",
       "    </tr>\n",
       "  </tbody>\n",
       "</table>\n",
       "</div>"
      ],
      "text/plain": [
       "   hair  feathers  eggs  milk  airborne  aquatic  predator  toothed  backbone  \\\n",
       "0     1         0     0     1         0        0         1        1         1   \n",
       "1     1         0     0     1         0        0         0        1         1   \n",
       "2     0         0     1     0         0        1         1        1         1   \n",
       "3     1         0     0     1         0        0         1        1         1   \n",
       "4     1         0     0     1         0        0         1        1         1   \n",
       "\n",
       "   breathes  venomous  fins  legs  tail  domestic  catsize  type  \n",
       "0         1         0     0     4     0         0        1     1  \n",
       "1         1         0     0     4     1         0        1     1  \n",
       "2         0         0     1     0     1         0        0     4  \n",
       "3         1         0     0     4     0         0        1     1  \n",
       "4         1         0     0     4     1         0        1     1  "
      ]
     },
     "execution_count": 7,
     "metadata": {},
     "output_type": "execute_result"
    }
   ],
   "source": [
    "data.head()"
   ]
  },
  {
   "cell_type": "code",
   "execution_count": 8,
   "id": "15d9bdf7-068d-4b32-941a-4592a21faf69",
   "metadata": {},
   "outputs": [],
   "source": [
    "#droping the duplicates\n",
    "data = data.drop_duplicates()"
   ]
  },
  {
   "cell_type": "code",
   "execution_count": 9,
   "id": "17eb0564-96a0-4f96-b395-1abc43508672",
   "metadata": {},
   "outputs": [
    {
     "data": {
      "text/plain": [
       "hair        0\n",
       "feathers    0\n",
       "eggs        0\n",
       "milk        0\n",
       "airborne    0\n",
       "aquatic     0\n",
       "predator    0\n",
       "toothed     0\n",
       "backbone    0\n",
       "breathes    0\n",
       "venomous    0\n",
       "fins        0\n",
       "legs        0\n",
       "tail        0\n",
       "domestic    0\n",
       "catsize     0\n",
       "type        0\n",
       "dtype: int64"
      ]
     },
     "execution_count": 9,
     "metadata": {},
     "output_type": "execute_result"
    }
   ],
   "source": [
    "#Detecting the null values\n",
    "data.isnull().sum()"
   ]
  },
  {
   "cell_type": "code",
   "execution_count": 10,
   "id": "761b1ff5-7bde-4490-8df2-c3d65acc21b3",
   "metadata": {},
   "outputs": [
    {
     "data": {
      "text/html": [
       "<div>\n",
       "<style scoped>\n",
       "    .dataframe tbody tr th:only-of-type {\n",
       "        vertical-align: middle;\n",
       "    }\n",
       "\n",
       "    .dataframe tbody tr th {\n",
       "        vertical-align: top;\n",
       "    }\n",
       "\n",
       "    .dataframe thead th {\n",
       "        text-align: right;\n",
       "    }\n",
       "</style>\n",
       "<table border=\"1\" class=\"dataframe\">\n",
       "  <thead>\n",
       "    <tr style=\"text-align: right;\">\n",
       "      <th></th>\n",
       "      <th>hair</th>\n",
       "      <th>feathers</th>\n",
       "      <th>eggs</th>\n",
       "      <th>milk</th>\n",
       "      <th>airborne</th>\n",
       "      <th>aquatic</th>\n",
       "      <th>predator</th>\n",
       "      <th>toothed</th>\n",
       "      <th>backbone</th>\n",
       "      <th>breathes</th>\n",
       "      <th>venomous</th>\n",
       "      <th>fins</th>\n",
       "      <th>legs</th>\n",
       "      <th>tail</th>\n",
       "      <th>domestic</th>\n",
       "      <th>catsize</th>\n",
       "      <th>type</th>\n",
       "    </tr>\n",
       "  </thead>\n",
       "  <tbody>\n",
       "    <tr>\n",
       "      <th>hair</th>\n",
       "      <td>1.000000</td>\n",
       "      <td>-0.375629</td>\n",
       "      <td>-0.738958</td>\n",
       "      <td>0.851344</td>\n",
       "      <td>-0.081801</td>\n",
       "      <td>-0.327336</td>\n",
       "      <td>-0.222198</td>\n",
       "      <td>0.422943</td>\n",
       "      <td>0.165011</td>\n",
       "      <td>0.375629</td>\n",
       "      <td>-0.087627</td>\n",
       "      <td>-0.087627</td>\n",
       "      <td>0.217612</td>\n",
       "      <td>-0.038847</td>\n",
       "      <td>0.325973</td>\n",
       "      <td>0.276800</td>\n",
       "      <td>-0.506624</td>\n",
       "    </tr>\n",
       "    <tr>\n",
       "      <th>feathers</th>\n",
       "      <td>-0.375629</td>\n",
       "      <td>1.000000</td>\n",
       "      <td>0.361847</td>\n",
       "      <td>-0.348248</td>\n",
       "      <td>0.509992</td>\n",
       "      <td>-0.075548</td>\n",
       "      <td>-0.077991</td>\n",
       "      <td>-0.531672</td>\n",
       "      <td>0.281838</td>\n",
       "      <td>0.255319</td>\n",
       "      <td>-0.200125</td>\n",
       "      <td>-0.200125</td>\n",
       "      <td>-0.212423</td>\n",
       "      <td>0.375629</td>\n",
       "      <td>-0.077132</td>\n",
       "      <td>0.114141</td>\n",
       "      <td>-0.279029</td>\n",
       "    </tr>\n",
       "    <tr>\n",
       "      <th>eggs</th>\n",
       "      <td>-0.738958</td>\n",
       "      <td>0.361847</td>\n",
       "      <td>1.000000</td>\n",
       "      <td>-0.885789</td>\n",
       "      <td>0.315264</td>\n",
       "      <td>0.228552</td>\n",
       "      <td>0.038072</td>\n",
       "      <td>-0.608878</td>\n",
       "      <td>-0.315264</td>\n",
       "      <td>-0.272893</td>\n",
       "      <td>0.074451</td>\n",
       "      <td>-0.030135</td>\n",
       "      <td>-0.034081</td>\n",
       "      <td>-0.158439</td>\n",
       "      <td>-0.239308</td>\n",
       "      <td>-0.308595</td>\n",
       "      <td>0.589878</td>\n",
       "    </tr>\n",
       "    <tr>\n",
       "      <th>milk</th>\n",
       "      <td>0.851344</td>\n",
       "      <td>-0.348248</td>\n",
       "      <td>-0.885789</td>\n",
       "      <td>1.000000</td>\n",
       "      <td>-0.299153</td>\n",
       "      <td>-0.201502</td>\n",
       "      <td>-0.069674</td>\n",
       "      <td>0.582364</td>\n",
       "      <td>0.384419</td>\n",
       "      <td>0.348248</td>\n",
       "      <td>-0.272965</td>\n",
       "      <td>0.044896</td>\n",
       "      <td>0.015825</td>\n",
       "      <td>0.133544</td>\n",
       "      <td>0.256802</td>\n",
       "      <td>0.415999</td>\n",
       "      <td>-0.692458</td>\n",
       "    </tr>\n",
       "    <tr>\n",
       "      <th>airborne</th>\n",
       "      <td>-0.081801</td>\n",
       "      <td>0.509992</td>\n",
       "      <td>0.315264</td>\n",
       "      <td>-0.299153</td>\n",
       "      <td>1.000000</td>\n",
       "      <td>-0.218568</td>\n",
       "      <td>-0.327968</td>\n",
       "      <td>-0.507109</td>\n",
       "      <td>-0.157143</td>\n",
       "      <td>0.281838</td>\n",
       "      <td>0.011835</td>\n",
       "      <td>-0.220911</td>\n",
       "      <td>0.138416</td>\n",
       "      <td>-0.001410</td>\n",
       "      <td>0.011835</td>\n",
       "      <td>-0.200762</td>\n",
       "      <td>0.034529</td>\n",
       "    </tr>\n",
       "    <tr>\n",
       "      <th>aquatic</th>\n",
       "      <td>-0.327336</td>\n",
       "      <td>-0.075548</td>\n",
       "      <td>0.228552</td>\n",
       "      <td>-0.201502</td>\n",
       "      <td>-0.218568</td>\n",
       "      <td>1.000000</td>\n",
       "      <td>0.360953</td>\n",
       "      <td>0.096032</td>\n",
       "      <td>0.056360</td>\n",
       "      <td>-0.524479</td>\n",
       "      <td>0.075159</td>\n",
       "      <td>0.478287</td>\n",
       "      <td>-0.202797</td>\n",
       "      <td>-0.032978</td>\n",
       "      <td>-0.227186</td>\n",
       "      <td>0.045565</td>\n",
       "      <td>0.214084</td>\n",
       "    </tr>\n",
       "    <tr>\n",
       "      <th>predator</th>\n",
       "      <td>-0.222198</td>\n",
       "      <td>-0.077991</td>\n",
       "      <td>0.038072</td>\n",
       "      <td>-0.069674</td>\n",
       "      <td>-0.327968</td>\n",
       "      <td>0.360953</td>\n",
       "      <td>1.000000</td>\n",
       "      <td>0.078002</td>\n",
       "      <td>0.005466</td>\n",
       "      <td>-0.262859</td>\n",
       "      <td>0.139243</td>\n",
       "      <td>0.139243</td>\n",
       "      <td>-0.088966</td>\n",
       "      <td>0.007285</td>\n",
       "      <td>-0.261506</td>\n",
       "      <td>0.122776</td>\n",
       "      <td>0.101018</td>\n",
       "    </tr>\n",
       "    <tr>\n",
       "      <th>toothed</th>\n",
       "      <td>0.422943</td>\n",
       "      <td>-0.531672</td>\n",
       "      <td>-0.608878</td>\n",
       "      <td>0.582364</td>\n",
       "      <td>-0.507109</td>\n",
       "      <td>0.096032</td>\n",
       "      <td>0.078002</td>\n",
       "      <td>1.000000</td>\n",
       "      <td>0.586894</td>\n",
       "      <td>0.025726</td>\n",
       "      <td>-0.020165</td>\n",
       "      <td>0.376407</td>\n",
       "      <td>-0.283499</td>\n",
       "      <td>0.215076</td>\n",
       "      <td>0.178121</td>\n",
       "      <td>0.133292</td>\n",
       "      <td>-0.458172</td>\n",
       "    </tr>\n",
       "    <tr>\n",
       "      <th>backbone</th>\n",
       "      <td>0.165011</td>\n",
       "      <td>0.281838</td>\n",
       "      <td>-0.315264</td>\n",
       "      <td>0.384419</td>\n",
       "      <td>-0.157143</td>\n",
       "      <td>0.056360</td>\n",
       "      <td>0.005466</td>\n",
       "      <td>0.586894</td>\n",
       "      <td>1.000000</td>\n",
       "      <td>0.312035</td>\n",
       "      <td>-0.244580</td>\n",
       "      <td>0.220911</td>\n",
       "      <td>-0.492674</td>\n",
       "      <td>0.667098</td>\n",
       "      <td>0.104538</td>\n",
       "      <td>0.364142</td>\n",
       "      <td>-0.845807</td>\n",
       "    </tr>\n",
       "    <tr>\n",
       "      <th>breathes</th>\n",
       "      <td>0.375629</td>\n",
       "      <td>0.255319</td>\n",
       "      <td>-0.272893</td>\n",
       "      <td>0.348248</td>\n",
       "      <td>0.281838</td>\n",
       "      <td>-0.524479</td>\n",
       "      <td>-0.262859</td>\n",
       "      <td>0.025726</td>\n",
       "      <td>0.312035</td>\n",
       "      <td>1.000000</td>\n",
       "      <td>-0.168856</td>\n",
       "      <td>-0.414843</td>\n",
       "      <td>0.232129</td>\n",
       "      <td>0.152040</td>\n",
       "      <td>0.077132</td>\n",
       "      <td>0.144871</td>\n",
       "      <td>-0.502188</td>\n",
       "    </tr>\n",
       "    <tr>\n",
       "      <th>venomous</th>\n",
       "      <td>-0.087627</td>\n",
       "      <td>-0.200125</td>\n",
       "      <td>0.074451</td>\n",
       "      <td>-0.272965</td>\n",
       "      <td>0.011835</td>\n",
       "      <td>0.075159</td>\n",
       "      <td>0.139243</td>\n",
       "      <td>-0.020165</td>\n",
       "      <td>-0.244580</td>\n",
       "      <td>-0.168856</td>\n",
       "      <td>1.000000</td>\n",
       "      <td>-0.012255</td>\n",
       "      <td>0.018849</td>\n",
       "      <td>-0.119173</td>\n",
       "      <td>-0.012255</td>\n",
       "      <td>-0.215063</td>\n",
       "      <td>0.341354</td>\n",
       "    </tr>\n",
       "    <tr>\n",
       "      <th>fins</th>\n",
       "      <td>-0.087627</td>\n",
       "      <td>-0.200125</td>\n",
       "      <td>-0.030135</td>\n",
       "      <td>0.044896</td>\n",
       "      <td>-0.220911</td>\n",
       "      <td>0.478287</td>\n",
       "      <td>0.139243</td>\n",
       "      <td>0.376407</td>\n",
       "      <td>0.220911</td>\n",
       "      <td>-0.414843</td>\n",
       "      <td>-0.012255</td>\n",
       "      <td>1.000000</td>\n",
       "      <td>-0.490866</td>\n",
       "      <td>0.191027</td>\n",
       "      <td>-0.012255</td>\n",
       "      <td>0.190976</td>\n",
       "      <td>-0.061892</td>\n",
       "    </tr>\n",
       "    <tr>\n",
       "      <th>legs</th>\n",
       "      <td>0.217612</td>\n",
       "      <td>-0.212423</td>\n",
       "      <td>-0.034081</td>\n",
       "      <td>0.015825</td>\n",
       "      <td>0.138416</td>\n",
       "      <td>-0.202797</td>\n",
       "      <td>-0.088966</td>\n",
       "      <td>-0.283499</td>\n",
       "      <td>-0.492674</td>\n",
       "      <td>0.232129</td>\n",
       "      <td>0.018849</td>\n",
       "      <td>-0.490866</td>\n",
       "      <td>1.000000</td>\n",
       "      <td>-0.366712</td>\n",
       "      <td>0.065187</td>\n",
       "      <td>-0.108333</td>\n",
       "      <td>0.324194</td>\n",
       "    </tr>\n",
       "    <tr>\n",
       "      <th>tail</th>\n",
       "      <td>-0.038847</td>\n",
       "      <td>0.375629</td>\n",
       "      <td>-0.158439</td>\n",
       "      <td>0.133544</td>\n",
       "      <td>-0.001410</td>\n",
       "      <td>-0.032978</td>\n",
       "      <td>0.007285</td>\n",
       "      <td>0.215076</td>\n",
       "      <td>0.667098</td>\n",
       "      <td>0.152040</td>\n",
       "      <td>-0.119173</td>\n",
       "      <td>0.191027</td>\n",
       "      <td>-0.366712</td>\n",
       "      <td>1.000000</td>\n",
       "      <td>-0.015773</td>\n",
       "      <td>0.231282</td>\n",
       "      <td>-0.598663</td>\n",
       "    </tr>\n",
       "    <tr>\n",
       "      <th>domestic</th>\n",
       "      <td>0.325973</td>\n",
       "      <td>-0.077132</td>\n",
       "      <td>-0.239308</td>\n",
       "      <td>0.256802</td>\n",
       "      <td>0.011835</td>\n",
       "      <td>-0.227186</td>\n",
       "      <td>-0.261506</td>\n",
       "      <td>0.178121</td>\n",
       "      <td>0.104538</td>\n",
       "      <td>0.077132</td>\n",
       "      <td>-0.012255</td>\n",
       "      <td>-0.012255</td>\n",
       "      <td>0.065187</td>\n",
       "      <td>-0.015773</td>\n",
       "      <td>1.000000</td>\n",
       "      <td>-0.012044</td>\n",
       "      <td>-0.196307</td>\n",
       "    </tr>\n",
       "    <tr>\n",
       "      <th>catsize</th>\n",
       "      <td>0.276800</td>\n",
       "      <td>0.114141</td>\n",
       "      <td>-0.308595</td>\n",
       "      <td>0.415999</td>\n",
       "      <td>-0.200762</td>\n",
       "      <td>0.045565</td>\n",
       "      <td>0.122776</td>\n",
       "      <td>0.133292</td>\n",
       "      <td>0.364142</td>\n",
       "      <td>0.144871</td>\n",
       "      <td>-0.215063</td>\n",
       "      <td>0.190976</td>\n",
       "      <td>-0.108333</td>\n",
       "      <td>0.231282</td>\n",
       "      <td>-0.012044</td>\n",
       "      <td>1.000000</td>\n",
       "      <td>-0.488566</td>\n",
       "    </tr>\n",
       "    <tr>\n",
       "      <th>type</th>\n",
       "      <td>-0.506624</td>\n",
       "      <td>-0.279029</td>\n",
       "      <td>0.589878</td>\n",
       "      <td>-0.692458</td>\n",
       "      <td>0.034529</td>\n",
       "      <td>0.214084</td>\n",
       "      <td>0.101018</td>\n",
       "      <td>-0.458172</td>\n",
       "      <td>-0.845807</td>\n",
       "      <td>-0.502188</td>\n",
       "      <td>0.341354</td>\n",
       "      <td>-0.061892</td>\n",
       "      <td>0.324194</td>\n",
       "      <td>-0.598663</td>\n",
       "      <td>-0.196307</td>\n",
       "      <td>-0.488566</td>\n",
       "      <td>1.000000</td>\n",
       "    </tr>\n",
       "  </tbody>\n",
       "</table>\n",
       "</div>"
      ],
      "text/plain": [
       "              hair  feathers      eggs      milk  airborne   aquatic  \\\n",
       "hair      1.000000 -0.375629 -0.738958  0.851344 -0.081801 -0.327336   \n",
       "feathers -0.375629  1.000000  0.361847 -0.348248  0.509992 -0.075548   \n",
       "eggs     -0.738958  0.361847  1.000000 -0.885789  0.315264  0.228552   \n",
       "milk      0.851344 -0.348248 -0.885789  1.000000 -0.299153 -0.201502   \n",
       "airborne -0.081801  0.509992  0.315264 -0.299153  1.000000 -0.218568   \n",
       "aquatic  -0.327336 -0.075548  0.228552 -0.201502 -0.218568  1.000000   \n",
       "predator -0.222198 -0.077991  0.038072 -0.069674 -0.327968  0.360953   \n",
       "toothed   0.422943 -0.531672 -0.608878  0.582364 -0.507109  0.096032   \n",
       "backbone  0.165011  0.281838 -0.315264  0.384419 -0.157143  0.056360   \n",
       "breathes  0.375629  0.255319 -0.272893  0.348248  0.281838 -0.524479   \n",
       "venomous -0.087627 -0.200125  0.074451 -0.272965  0.011835  0.075159   \n",
       "fins     -0.087627 -0.200125 -0.030135  0.044896 -0.220911  0.478287   \n",
       "legs      0.217612 -0.212423 -0.034081  0.015825  0.138416 -0.202797   \n",
       "tail     -0.038847  0.375629 -0.158439  0.133544 -0.001410 -0.032978   \n",
       "domestic  0.325973 -0.077132 -0.239308  0.256802  0.011835 -0.227186   \n",
       "catsize   0.276800  0.114141 -0.308595  0.415999 -0.200762  0.045565   \n",
       "type     -0.506624 -0.279029  0.589878 -0.692458  0.034529  0.214084   \n",
       "\n",
       "          predator   toothed  backbone  breathes  venomous      fins  \\\n",
       "hair     -0.222198  0.422943  0.165011  0.375629 -0.087627 -0.087627   \n",
       "feathers -0.077991 -0.531672  0.281838  0.255319 -0.200125 -0.200125   \n",
       "eggs      0.038072 -0.608878 -0.315264 -0.272893  0.074451 -0.030135   \n",
       "milk     -0.069674  0.582364  0.384419  0.348248 -0.272965  0.044896   \n",
       "airborne -0.327968 -0.507109 -0.157143  0.281838  0.011835 -0.220911   \n",
       "aquatic   0.360953  0.096032  0.056360 -0.524479  0.075159  0.478287   \n",
       "predator  1.000000  0.078002  0.005466 -0.262859  0.139243  0.139243   \n",
       "toothed   0.078002  1.000000  0.586894  0.025726 -0.020165  0.376407   \n",
       "backbone  0.005466  0.586894  1.000000  0.312035 -0.244580  0.220911   \n",
       "breathes -0.262859  0.025726  0.312035  1.000000 -0.168856 -0.414843   \n",
       "venomous  0.139243 -0.020165 -0.244580 -0.168856  1.000000 -0.012255   \n",
       "fins      0.139243  0.376407  0.220911 -0.414843 -0.012255  1.000000   \n",
       "legs     -0.088966 -0.283499 -0.492674  0.232129  0.018849 -0.490866   \n",
       "tail      0.007285  0.215076  0.667098  0.152040 -0.119173  0.191027   \n",
       "domestic -0.261506  0.178121  0.104538  0.077132 -0.012255 -0.012255   \n",
       "catsize   0.122776  0.133292  0.364142  0.144871 -0.215063  0.190976   \n",
       "type      0.101018 -0.458172 -0.845807 -0.502188  0.341354 -0.061892   \n",
       "\n",
       "              legs      tail  domestic   catsize      type  \n",
       "hair      0.217612 -0.038847  0.325973  0.276800 -0.506624  \n",
       "feathers -0.212423  0.375629 -0.077132  0.114141 -0.279029  \n",
       "eggs     -0.034081 -0.158439 -0.239308 -0.308595  0.589878  \n",
       "milk      0.015825  0.133544  0.256802  0.415999 -0.692458  \n",
       "airborne  0.138416 -0.001410  0.011835 -0.200762  0.034529  \n",
       "aquatic  -0.202797 -0.032978 -0.227186  0.045565  0.214084  \n",
       "predator -0.088966  0.007285 -0.261506  0.122776  0.101018  \n",
       "toothed  -0.283499  0.215076  0.178121  0.133292 -0.458172  \n",
       "backbone -0.492674  0.667098  0.104538  0.364142 -0.845807  \n",
       "breathes  0.232129  0.152040  0.077132  0.144871 -0.502188  \n",
       "venomous  0.018849 -0.119173 -0.012255 -0.215063  0.341354  \n",
       "fins     -0.490866  0.191027 -0.012255  0.190976 -0.061892  \n",
       "legs      1.000000 -0.366712  0.065187 -0.108333  0.324194  \n",
       "tail     -0.366712  1.000000 -0.015773  0.231282 -0.598663  \n",
       "domestic  0.065187 -0.015773  1.000000 -0.012044 -0.196307  \n",
       "catsize  -0.108333  0.231282 -0.012044  1.000000 -0.488566  \n",
       "type      0.324194 -0.598663 -0.196307 -0.488566  1.000000  "
      ]
     },
     "execution_count": 10,
     "metadata": {},
     "output_type": "execute_result"
    }
   ],
   "source": [
    "data.corr()"
   ]
  },
  {
   "cell_type": "code",
   "execution_count": 11,
   "id": "22989429-fe14-49db-aaab-41b5d4b57f05",
   "metadata": {},
   "outputs": [
    {
     "data": {
      "text/html": [
       "<div>\n",
       "<style scoped>\n",
       "    .dataframe tbody tr th:only-of-type {\n",
       "        vertical-align: middle;\n",
       "    }\n",
       "\n",
       "    .dataframe tbody tr th {\n",
       "        vertical-align: top;\n",
       "    }\n",
       "\n",
       "    .dataframe thead th {\n",
       "        text-align: right;\n",
       "    }\n",
       "</style>\n",
       "<table border=\"1\" class=\"dataframe\">\n",
       "  <thead>\n",
       "    <tr style=\"text-align: right;\">\n",
       "      <th></th>\n",
       "      <th>hair</th>\n",
       "      <th>feathers</th>\n",
       "      <th>eggs</th>\n",
       "      <th>milk</th>\n",
       "      <th>airborne</th>\n",
       "      <th>aquatic</th>\n",
       "      <th>predator</th>\n",
       "      <th>toothed</th>\n",
       "      <th>backbone</th>\n",
       "      <th>breathes</th>\n",
       "      <th>venomous</th>\n",
       "      <th>fins</th>\n",
       "      <th>legs</th>\n",
       "      <th>tail</th>\n",
       "      <th>domestic</th>\n",
       "      <th>catsize</th>\n",
       "      <th>type</th>\n",
       "    </tr>\n",
       "  </thead>\n",
       "  <tbody>\n",
       "    <tr>\n",
       "      <th>count</th>\n",
       "      <td>59.000000</td>\n",
       "      <td>59.000000</td>\n",
       "      <td>59.000000</td>\n",
       "      <td>59.000000</td>\n",
       "      <td>59.000000</td>\n",
       "      <td>59.00000</td>\n",
       "      <td>59.000000</td>\n",
       "      <td>59.000000</td>\n",
       "      <td>59.000000</td>\n",
       "      <td>59.000000</td>\n",
       "      <td>59.000000</td>\n",
       "      <td>59.000000</td>\n",
       "      <td>59.000000</td>\n",
       "      <td>59.000000</td>\n",
       "      <td>59.000000</td>\n",
       "      <td>59.000000</td>\n",
       "      <td>59.000000</td>\n",
       "    </tr>\n",
       "    <tr>\n",
       "      <th>mean</th>\n",
       "      <td>0.355932</td>\n",
       "      <td>0.203390</td>\n",
       "      <td>0.661017</td>\n",
       "      <td>0.322034</td>\n",
       "      <td>0.237288</td>\n",
       "      <td>0.40678</td>\n",
       "      <td>0.576271</td>\n",
       "      <td>0.525424</td>\n",
       "      <td>0.762712</td>\n",
       "      <td>0.796610</td>\n",
       "      <td>0.135593</td>\n",
       "      <td>0.135593</td>\n",
       "      <td>2.898305</td>\n",
       "      <td>0.644068</td>\n",
       "      <td>0.135593</td>\n",
       "      <td>0.389831</td>\n",
       "      <td>3.220339</td>\n",
       "    </tr>\n",
       "    <tr>\n",
       "      <th>std</th>\n",
       "      <td>0.482905</td>\n",
       "      <td>0.405975</td>\n",
       "      <td>0.477427</td>\n",
       "      <td>0.471267</td>\n",
       "      <td>0.429072</td>\n",
       "      <td>0.49545</td>\n",
       "      <td>0.498390</td>\n",
       "      <td>0.503640</td>\n",
       "      <td>0.429072</td>\n",
       "      <td>0.405975</td>\n",
       "      <td>0.345295</td>\n",
       "      <td>0.345295</td>\n",
       "      <td>2.155146</td>\n",
       "      <td>0.482905</td>\n",
       "      <td>0.345295</td>\n",
       "      <td>0.491898</td>\n",
       "      <td>2.228869</td>\n",
       "    </tr>\n",
       "    <tr>\n",
       "      <th>min</th>\n",
       "      <td>0.000000</td>\n",
       "      <td>0.000000</td>\n",
       "      <td>0.000000</td>\n",
       "      <td>0.000000</td>\n",
       "      <td>0.000000</td>\n",
       "      <td>0.00000</td>\n",
       "      <td>0.000000</td>\n",
       "      <td>0.000000</td>\n",
       "      <td>0.000000</td>\n",
       "      <td>0.000000</td>\n",
       "      <td>0.000000</td>\n",
       "      <td>0.000000</td>\n",
       "      <td>0.000000</td>\n",
       "      <td>0.000000</td>\n",
       "      <td>0.000000</td>\n",
       "      <td>0.000000</td>\n",
       "      <td>1.000000</td>\n",
       "    </tr>\n",
       "    <tr>\n",
       "      <th>25%</th>\n",
       "      <td>0.000000</td>\n",
       "      <td>0.000000</td>\n",
       "      <td>0.000000</td>\n",
       "      <td>0.000000</td>\n",
       "      <td>0.000000</td>\n",
       "      <td>0.00000</td>\n",
       "      <td>0.000000</td>\n",
       "      <td>0.000000</td>\n",
       "      <td>1.000000</td>\n",
       "      <td>1.000000</td>\n",
       "      <td>0.000000</td>\n",
       "      <td>0.000000</td>\n",
       "      <td>2.000000</td>\n",
       "      <td>0.000000</td>\n",
       "      <td>0.000000</td>\n",
       "      <td>0.000000</td>\n",
       "      <td>1.000000</td>\n",
       "    </tr>\n",
       "    <tr>\n",
       "      <th>50%</th>\n",
       "      <td>0.000000</td>\n",
       "      <td>0.000000</td>\n",
       "      <td>1.000000</td>\n",
       "      <td>0.000000</td>\n",
       "      <td>0.000000</td>\n",
       "      <td>0.00000</td>\n",
       "      <td>1.000000</td>\n",
       "      <td>1.000000</td>\n",
       "      <td>1.000000</td>\n",
       "      <td>1.000000</td>\n",
       "      <td>0.000000</td>\n",
       "      <td>0.000000</td>\n",
       "      <td>2.000000</td>\n",
       "      <td>1.000000</td>\n",
       "      <td>0.000000</td>\n",
       "      <td>0.000000</td>\n",
       "      <td>2.000000</td>\n",
       "    </tr>\n",
       "    <tr>\n",
       "      <th>75%</th>\n",
       "      <td>1.000000</td>\n",
       "      <td>0.000000</td>\n",
       "      <td>1.000000</td>\n",
       "      <td>1.000000</td>\n",
       "      <td>0.000000</td>\n",
       "      <td>1.00000</td>\n",
       "      <td>1.000000</td>\n",
       "      <td>1.000000</td>\n",
       "      <td>1.000000</td>\n",
       "      <td>1.000000</td>\n",
